# id	left	top	right	bottom	texture_id
[SPRITES]
#Point text
140010	457	223	468	230	20
140020	457	232	468	239	20
140030	457	241	468	248	20
140040	457	250	468	257	20

140050	470	223	485	230	20
140060	470	232	485	239	20
140070	470	241	485	248	20
140080	470	250	485	257	20
#KABOOM
140090	519	67	534	82	20
140091	282	325	297	340	20
#BRICK CRUMB
140100	494	120	501	127	20

# ani_id	sprite1_id	time1	sprite2_id	time2	...
[ANIMATIONS]
20010	140010	300
20020	140020	300
20030	140030	300
20040	140040	300
20050	140050	300
20060	140060	300
20070	140070	300
20080	140080	300
20090	140090	100	140091	120
20100	140100	300