# id	left	top	right	bottom	texture_id
[SPRITES]
150000	7	6	240	167	40


150103	492	20	507	35	40
150102	512	20	527	35	40
150101	532	20	547	35	40

150201	671	139	686	154	40
150202	671	155	686	170	40

150300	512	99	527	114	40

155000	540	326	795	549	40

155101	615	281	656	321	40
155102	661	281	702	321	40
155103	708	281	749	321	40
155104	754	281	795	321	40

180000	381	46	386	52	40
180100	381	53	386	58	40

181000	616	209	733	266	40

[ANIMATIONS]
31000	150101	300	150102	300	150103	300	150102	300
32000	150201	500	150202	300
33000	155102	150	155103	150	155104	150	155103	150	155102	150	155101	150
34000	180000	500	180100	500