# id	left	top	right	bottom	texture_id
[SPRITES]

#WALKING LEFT
70001	6	130	21	155	10
70002	28	130	43	155	10

#WALKING RIGHT
70003	299	130	314	155	10
70004	322	130	337	155	10

#HIDE
70005	50	139	65	154	10

#HIDE FLIP
70006	344	140	359	155	10

#Parakoopas

#WALKING LEFT
102001	93	128	108	155	10
102002	114	128	129	155	10

#WALKING RIGHT
103001	429	128	444	155	10
103002	408	128	423	155	10

#FLY
101001	387	128	402	155	10
101002	365	128	380	155	10

101003	135	128	150	155	10
101004	157	128	172	155	10

# ani_id	sprite1_id	time1	sprite2_id	time2	...
[ANIMATIONS]
12000	70001	300	70002	300

12001	70003	300	70004	300

12002	70005	1000

12003	70006	1000
#Parakoopas
12005	102001	300	102002	300
12006	103001	300	103002	300

12007	101001	300	101002	300