# id	left	top	right	bottom	texture_id
[SPRITES]
#HEAD_UP
111001	175	236	190	267	10
111002	157	236	172	267	10

#HEAD_DOWN
112001	139	236	154	267	10
112002	121	236	136	267	10

#UP_FLIP
113001	243	236	258	267	10
113002	261	236	276	267	10

#DOWN_FLIP
114001	279	236	294	267	10
114002	297	236	312	267	10

#NOT_SHOOT
115001	315	236	330	267	10
115002	333	236	348	267	10

# ani_id	sprite1_id	time1	sprite2_id	time2	...
[ANIMATIONS]
16000	111001	300	111002	300

16001	112001	300	112002	300

16002	113001	300	113002	300

16003	114001	300	114002	300

16004	115001	300	115002	300
